1075 75 226 7823 672 36 60 29
1088 73 224 7709 781 31 61 29
911 54 246 8113 549 31 63 29
966 57 240 7952 619 50 78 35
1051 67 259 7771 672 50 80 46
911 49 268 7924 678 51 70 44
922 66 264 7990 618 49 56 29
1100 61 235 7728 734 39 64 35
1082 60 239 7745 709 46 83 33
1037 55 213 7944 633 26 52 30
1051 35 219 7978 605 21 65 24
1036 59 235 7868 661 30 62 44
1074 70 214 7728 747 50 79 33
875 52 243 8018 655 41 79 32
952 49 254 7795 780 50 75 41
1155 98 201 7606 816 32 60 29
943 94 183 7840 788 42 75 31
1278 69 205 7344 957 45 70 28
961 70 195 7958 742 46 75 30
952 77 258 7820 736 43 78 33
1074 67 236 7692 716 56 83 45
995 46 288 7806 679 56 86 40
1056 53 247 7703 700 54 89 51
1065 39 234 7876 703 42 74 26
1065 45 245 7779 696 47 82 38
1315 139 230 7299 832 42 60 32
1321 136 217 7174 950 43 63 30
1359 115 246 7234 874 45 63 18
1378 111 272 7127 940 46 64 23
1295 109 245 7253 903 43 62 38
1275 121 215 7285 892 40 68 41
1336 120 318 7083 915 50 70 38
1309 122 241 7257 870 46 72 35
1340 114 189 7337 820 48 72 21
1299 116 253 7309 823 40 69 27
1221 107 221 7441 798 54 70 28
1245 72 283 7395 829 44 67 28
1285 129 244 7323 819 57 65 36
1248 107 313 7299 840 46 66 33
1356 106 236 7209 866 48 75 36
1260 102 228 7354 870 49 64 28
1261 121 312 7238 877 47 65 25
1304 124 279 7160 928 48 61 37
1344 117 287 7129 897 51 65 41
1323 96 300 7351 757 47 54 26
1292 117 215 7351 839 48 61 32
1254 118 244 7394 786 46 71 24
1312 131 259 7167 939 41 69 20
1213 109 301 7261 925 47 65 31
1359 98 351 7262 780 41 56 16
1266 97 263 7435 743 45 69 29
1298 99 311 7311 787 45 67 23
1272 116 279 7258 872 43 72 27
1278 87 332 7379 771 44 53 24
1184 112 311 7391 819 48 57 28
1382 110 268 7241 828 39 60 30
1183 146 292 7580 618 38 51 23
1261 153 219 7355 818 52 70 26
1198 136 239 7639 633 27 55 19
1225 134 232 7658 616 36 49 26
1339 166 208 7190 923 40 69 25
1132 157 240 7641 638 45 60 31
1381 183 245 7385 609 47 70 25
1409 128 257 7257 759 43 57 16
1306 127 250 7254 869 47 68 24
1372 120 250 7355 702 44 68 28
1336 113 242 7293 855 38 60 18
1401 151 238 7164 857 45 72 36
1390 119 234 7236 823 40 62 41
1432 152 281 7029 949 39 55 25
1412 124 298 7182 790 45 68 28
1366 147 291 7197 783 51 70 34
1383 118 273 7282 738 45 68 29
1283 102 263 7400 763 54 65 28